0,0.316
0.033,0.319
0.067,0.316
0.1,0.308
0.133,0.292
0.167,0.271
0.2,0.249
0.233,0.22
0.267,0.181
0.3,0.143
0.333,0.101
0.368,5.77E-02
0.402,1.11E-02
0.435,-3.44E-02
0.468,-7.37E-02
0.502,-0.113
0.535,-0.152
0.568,-0.186
0.602,-0.211
0.635,-0.235
0.668,-0.257
0.702,-0.271
0.735,-0.281
0.768,-0.285
0.802,-0.285
0.835,-0.278
0.868,-0.267
0.902,-0.249
0.935,-0.226
0.968,-0.2
1.002,-0.171
1.035,-0.134
1.068,-9.64E-02
1.102,-5.58E-02
1.135,-1.48E-02
1.168,2.90E-02
1.202,7.13E-02
1.235,0.111
1.268,0.151
1.302,0.185
1.335,0.214
1.368,0.237
1.402,0.257
1.435,0.273
1.468,0.283
1.502,0.288
1.535,0.289
1.568,0.282
1.602,0.271
1.635,0.256
1.668,0.236
1.702,0.212
1.735,0.182
1.768,0.147
1.802,0.11
1.835,7.10E-02
1.868,3.13E-02
1.902,-9.08E-03
1.935,-4.78E-02
1.968,-8.47E-02
2.002,-0.119
2.035,-0.15
2.068,-0.176
2.102,-0.202
2.135,-0.223
2.168,-0.239
2.202,-0.25
2.237,-0.256
2.27,-0.256
2.303,-0.251
2.337,-0.241
2.37,-0.226
2.403,-0.206
2.437,-0.182
2.47,-0.155
2.503,-0.123
2.537,-8.95E-02
2.57,-5.40E-02
2.603,-1.72E-02
2.637,2.20E-02
2.67,6.09E-02
2.703,9.85E-02
2.737,0.132
2.77,0.16
2.803,0.192
2.837,0.212
2.87,0.231
2.903,0.246
2.937,0.26
2.97,0.265
3.003,0.266
3.037,0.263
3.07,0.257
3.103,0.246
3.137,0.228
3.17,0.208
3.203,0.182
3.237,0.154
3.27,0.122
3.303,8.91E-02
3.337,5.03E-02
3.37,1.56E-02
3.403,-1.97E-02
3.437,-5.54E-02
3.47,-8.77E-02
3.503,-0.118
3.537,-0.145
3.57,-0.169
3.603,-0.189
3.637,-0.205
3.67,-0.216
3.703,-0.223
3.737,-0.225
3.77,-0.223
3.803,-0.215
3.837,-0.203
3.87,-0.187
3.903,-0.165
3.937,-0.141
3.97,-0.115
4.003,-8.28E-02
4.037,-4.92E-02
4.07,-1.43E-02
4.103,2.26E-02
4.138,2.74E-02
4.172,6.16E-02
4.205,9.49E-02
4.238,0.124
4.272,0.154
4.305,0.178
4.338,0.199
4.372,0.214
4.405,0.225
4.438,0.232
4.472,0.234
4.505,0.232
4.538,0.226
4.572,0.215
4.605,0.199
4.638,0.18
4.672,0.156
4.705,0.129
4.738,0.1
4.772,6.72E-02
4.805,3.39E-02
4.838,-1.55E-03
4.872,-3.53E-02
4.905,-6.80E-02
4.938,-1.00E-01
4.972,-0.128
5.005,-0.155
5.038,-0.179
5.072,-0.199
5.105,-0.215
5.138,-0.227
5.172,-0.233
5.205,-0.235
5.238,-0.233
5.272,-0.227
5.305,-0.217
5.338,-0.203
5.372,-0.184
5.405,-0.161
5.438,-0.135
5.472,-0.107
5.505,-7.56E-02
5.538,-4.41E-02
5.572,-9.49E-03
5.605,2.33E-02
5.638,5.60E-02
5.672,8.83E-02
5.705,0.117
5.738,0.144
5.772,0.168
5.805,0.187
5.838,0.202
5.872,0.213
5.905,0.22
5.938,0.223
5.972,0.222
6.007,0.216
6.04,0.206
6.073,0.191
6.107,0.173
6.14,0.15
6.173,0.126
6.207,9.80E-02
6.24,6.76E-02
6.273,3.56E-02
6.307,2.87E-03
6.34,-2.90E-02
6.373,-6.05E-02
6.407,-8.98E-02
6.44,-0.118
6.473,-0.143
6.507,-0.166
6.54,-0.185
6.573,-0.201
6.607,-0.213
6.64,-0.22
6.673,-0.224
6.707,-0.223
6.74,-0.218
6.773,-0.209
6.807,-0.196
6.84,-0.179
6.873,-0.158
6.907,-0.134
6.94,-0.107
6.973,-7.88E-02
7.007,-4.87E-02
7.04,-1.72E-02
7.073,1.38E-02
7.107,4.38E-02
7.14,7.31E-02
7.173,0.101
7.207,0.125
7.24,0.147
7.273,0.166
7.307,0.18
7.34,0.191
7.373,0.198
7.407,0.2
7.44,0.199
7.473,0.193
7.507,0.184
7.54,0.171
7.573,0.153
7.607,0.134
7.64,0.111
7.673,8.65E-02
7.707,9.28E-02
7.74,6.06E-02
7.773,3.39E-02
7.807,3.06E-03
7.84,-2.63E-02
7.873,-5.47E-02
7.908,-8.04E-02
7.942,-0.104
7.975,-0.125
8.008,-0.143
8.042,-0.158
8.075,-0.169
8.108,-0.177
8.142,-0.18
8.175,-0.18
8.208,-0.176
8.242,-0.167
8.275,-0.156
8.308,-0.141
8.342,-0.123
8.375,-0.105
8.408,-8.19E-02
8.442,-5.91E-02
8.475,-3.52E-02
8.508,-7.39E-03
8.542,2.30E-02
8.575,5.39E-02
8.608,8.10E-02
8.642,0.105
8.675,0.127
8.708,0.148
8.742,0.169
8.775,0.18
8.808,0.19
8.842,0.197
8.875,0.201
8.908,0.2
8.942,0.197
8.975,0.187
9.008,0.173
9.042,0.157
9.075,0.138
9.108,0.115
9.142,9.29E-02
9.175,6.75E-02
9.208,3.96E-02
9.242,1.16E-02
9.275,-1.74E-02
9.308,-4.65E-02
9.342,-7.15E-02
9.375,-9.59E-02
9.408,-0.119
9.442,-0.139
9.475,-0.156
9.508,-0.17
9.542,-0.181
9.575,-0.189
9.608,-0.192
9.642,-0.192
9.675,-0.189
9.708,-0.182
9.742,-0.172
9.775,-0.158
9.81,-0.139
9.843,-0.119
9.877,-9.60E-02
9.91,-7.11E-02
9.943,-4.46E-02
9.977,-1.78E-02
10.01,9.71E-03
10.043,3.72E-02
10.077,6.30E-02
10.11,8.72E-02
10.143,0.109
10.177,0.13
10.21,0.147
10.243,0.161
10.277,0.171
10.31,0.178
10.343,0.18
10.377,0.18
10.41,0.176
10.443,0.168
10.477,0.156
10.51,0.142
10.543,0.125
10.577,0.106
10.61,8.26E-02
10.643,5.79E-02
10.677,3.15E-02
10.71,5.27E-03
10.743,-2.08E-02
10.777,-4.75E-02
10.81,-7.25E-02
10.843,-9.69E-02
10.877,-0.119
10.91,-0.138
10.943,-0.155
10.977,-0.169
11.01,-0.179
11.043,-0.187
11.077,-0.19
11.11,-0.19
11.143,-0.186
11.177,-0.179
11.21,-0.168
11.243,-0.154
11.277,-0.137
11.31,-0.116
11.343,-9.48E-02
11.377,-7.03E-02
11.41,-4.49E-02
11.443,-1.88E-02
11.477,7.41E-03
11.51,3.25E-02
11.543,5.71E-02
11.577,7.97E-02
11.61,0.101
11.643,0.12
11.678,0.137
11.712,0.15
11.745,0.159
11.778,0.166
11.812,0.169
11.845,0.168
11.878,0.164
11.912,0.156
11.945,0.145
11.978,0.131
12.012,0.114
12.045,9.60E-02
12.078,7.51E-02
12.112,5.25E-02
12.145,2.83E-02
12.178,3.61E-03
12.212,-2.12E-02
12.245,-4.66E-02
12.278,-7.05E-02
12.312,-9.29E-02
12.345,-0.114
12.378,-0.133
12.412,-0.149
12.445,-0.162
12.478,-0.172
12.512,-0.179
12.545,-0.183
12.578,-0.183
12.612,-0.179
12.645,-0.172
12.678,-0.161
12.712,-0.148
12.745,-0.131
12.778,-0.111
12.812,-9.02E-02
12.845,-6.73E-02
12.878,-4.22E-02
12.912,-1.78E-02
12.945,6.64E-03
12.978,3.05E-02
13.012,5.38E-02
13.045,7.54E-02
13.078,9.60E-02
13.112,0.114
13.145,0.13
13.178,0.142
13.212,0.151
13.245,0.157
13.278,0.16
13.312,0.159
13.345,0.155
13.378,0.148
13.412,0.137
13.445,0.124
13.478,0.108
13.512,8.97E-02
13.547,6.93E-02
13.58,4.75E-02
13.613,2.52E-02
13.647,1.67E-03
13.68,-2.24E-02
13.713,-4.67E-02
13.747,-6.99E-02
13.78,-9.13E-02
13.813,-0.112
13.847,-0.129
13.88,-0.144
13.913,-0.156
13.947,-0.166
13.98,-0.173
14.013,-0.175
14.047,-0.175
14.08,-0.171
14.113,-0.163
14.147,-0.153
14.18,-0.14
14.213,-0.124
14.247,-0.105
14.28,-8.47E-02
14.313,-6.19E-02
14.347,-3.87E-02
14.38,-1.49E-02
14.413,7.64E-03
14.447,2.96E-02
14.48,5.14E-02
14.513,7.16E-02
14.547,9.01E-02
14.58,0.106
14.613,0.12
14.647,0.131
14.68,0.139
14.713,0.145
14.747,0.147
14.78,0.146
14.813,0.142
14.847,0.135
14.88,0.126
14.913,0.114
14.947,0.1
14.98,8.36E-02
15.013,6.52E-02
15.047,4.45E-02
15.08,2.32E-02
15.113,7.14E-04
15.147,-2.15E-02
15.18,-4.48E-02
15.213,-6.64E-02
15.247,-8.63E-02
15.28,-0.105
15.313,-0.122
15.347,-0.136
15.38,-0.146
15.413,-0.155
15.448,-0.161
15.482,-0.163
15.515,-0.162
15.548,-0.158
15.582,-0.15
15.615,-0.142
15.648,-0.128
15.682,-0.111
15.715,-9.31E-02
15.748,-7.46E-02
15.782,-5.40E-02
15.815,-3.14E-02
15.848,-1.06E-02
15.882,1.37E-02
15.915,3.25E-02
15.948,5.49E-02
15.982,7.36E-02
16.015,9.13E-02
16.048,0.107
16.082,0.12
16.115,0.131
16.148,0.137
16.182,0.145
16.215,0.147
16.248,0.146
16.282,0.143
16.315,0.136
16.348,0.127
16.382,0.116
16.415,0.101
16.448,8.61E-02
16.482,6.83E-02
16.515,4.81E-02
16.548,2.76E-02
16.582,6.43E-03
16.615,-1.41E-02
16.648,-3.64E-02
16.682,-5.72E-02
16.715,-7.65E-02
16.748,-9.47E-02
16.782,-0.11
16.815,-0.124
16.848,-0.135
16.882,-0.143
16.915,-0.148
16.948,-0.151
16.982,-0.15
17.015,-0.146
17.048,-0.14
17.082,-0.13
17.115,-0.117
17.148,-0.103
17.182,-8.65E-02
17.215,-6.71E-02
17.248,-4.73E-02
17.282,-2.56E-02
17.317,-4.99E-03
17.35,1.61E-02
17.383,3.65E-02
17.417,5.66E-02
17.45,7.52E-02
17.483,9.18E-02
17.517,0.106
17.55,0.119
17.583,0.129
17.617,0.136
17.65,0.141
17.683,0.143
17.717,0.142
17.75,0.138
17.783,0.131
17.817,0.122
17.85,0.111
17.883,9.64E-02
17.917,8.05E-02
17.95,6.24E-02
17.983,4.33E-02
18.017,2.32E-02
18.05,2.72E-03
18.083,-1.80E-02
18.117,-3.84E-02
18.15,-5.85E-02
18.183,-7.64E-02
18.217,-9.36E-02
18.25,-0.108
18.283,-0.121
18.317,-0.132
18.35,-0.112
18.383,-0.116
18.417,-0.118
18.45,-0.117
18.483,-0.113
18.517,-0.106
18.55,-9.70E-02
18.583,-8.49E-02
18.617,-9.87E-02
18.65,-8.25E-02
18.683,-6.45E-02
18.717,-4.52E-02
18.75,-2.49E-02
18.783,-4.63E-03
18.817,1.57E-02
18.85,3.46E-02
18.883,5.37E-02
18.917,7.13E-02
18.95,8.73E-02
18.983,0.101
19.017,0.113
19.05,0.122
19.083,0.129
19.117,0.133
19.15,0.134
19.183,0.133
19.218,0.129
19.252,0.123
19.285,0.114
19.318,0.102
19.352,8.89E-02
19.385,7.32E-02
19.418,5.66E-02
19.452,3.83E-02
19.485,1.94E-02
19.518,-3.96E-04
19.552,-1.95E-02
19.585,-3.94E-02
19.618,-5.79E-02
19.652,-7.57E-02
19.685,-9.10E-02
19.718,-0.105
19.752,-0.117
19.785,-0.126
19.818,-0.133
19.852,-0.11
19.885,-0.111
19.918,-0.109
19.952,-0.105
19.985,-9.87E-02
20.018,-8.91E-02
20.052,-7.80E-02
20.085,-9.09E-02
20.118,-7.48E-02
20.152,-5.78E-02
20.185,-3.86E-02
20.218,-1.92E-02
20.252,-4.36E-04
20.285,1.85E-02
20.318,3.66E-02
20.352,5.47E-02
20.385,7.12E-02
20.418,8.56E-02
20.452,9.81E-02
20.485,0.109
20.518,0.118
20.552,0.123
20.585,0.127
20.618,0.128
20.652,0.126
20.685,0.122
20.718,0.116
20.752,0.107
20.785,9.58E-02
20.818,8.32E-02
20.852,6.87E-02
20.885,5.27E-02
20.918,3.57E-02
20.952,1.77E-02
20.985,-6.67E-04
21.018,-1.91E-02
21.052,-3.76E-02
21.087,-5.56E-02
21.12,-7.21E-02
21.153,-8.67E-02
21.187,-9.94E-02
21.22,-0.11
21.253,-0.119
21.287,-0.126
21.32,-0.13
21.353,-0.13
21.387,-0.129
21.42,-0.125
21.453,-0.118
21.487,-0.109
21.52,-9.76E-02
21.553,-8.47E-02
21.587,-6.96E-02
21.62,-5.31E-02
21.653,-3.64E-02
21.687,-1.84E-02
21.72,-1.72E-03
21.753,1.56E-02
21.787,3.09E-02
21.82,4.80E-02
21.853,6.18E-02
21.887,7.46E-02
21.92,8.64E-02
21.953,9.61E-02
21.987,0.103
22.02,0.108
22.053,0.111
22.087,0.112
22.12,0.11
22.153,0.106
22.187,0.1
22.22,9.17E-02
22.253,8.16E-02
22.287,6.93E-02
22.32,5.67E-02
22.353,4.16E-02
22.387,2.52E-02
22.42,8.60E-03
22.453,-8.70E-03
22.487,-2.61E-02
22.52,-4.26E-02
22.553,-5.90E-02
22.587,-7.36E-02
22.62,-8.73E-02
22.653,-9.93E-02
22.687,-0.109
22.72,-0.117
22.753,-0.123
22.787,-0.126
22.82,-0.126
22.853,-0.124
22.887,-0.119
22.92,-0.113
22.955,-0.104
22.988,-9.31E-02
23.022,-8.07E-02
23.055,-6.64E-02
23.088,-5.08E-02
23.122,-3.46E-02
23.155,-1.72E-02
23.188,4.80E-05
23.222,1.72E-02
23.255,3.42E-02
23.288,4.98E-02
23.322,6.40E-02
23.355,7.65E-02
23.388,8.87E-02
23.422,9.88E-02
23.455,0.105
23.488,0.111
23.522,0.115
23.555,0.115
23.588,0.113
23.622,0.109
23.655,0.103
23.688,9.48E-02
23.722,8.47E-02
23.755,7.40E-02
23.788,6.01E-02
23.822,4.56E-02
23.855,3.10E-02
23.888,1.48E-02
23.922,-1.56E-03
23.955,-1.81E-02
23.988,-3.43E-02
24.022,-4.88E-02
24.055,-6.33E-02
24.088,-7.58E-02
24.122,-8.77E-02
24.155,-9.61E-02
24.188,-0.104
24.222,-0.108
24.255,-0.111
24.288,-0.111
24.322,-0.108
24.355,-0.104
24.388,-9.80E-02
24.422,-8.78E-02
24.455,-7.74E-02
24.488,-6.52E-02
24.522,-5.07E-02
24.555,-3.63E-02
24.588,-1.99E-02
24.622,-3.42E-03
24.655,1.48E-02
24.688,3.14E-02
24.722,4.75E-02
24.755,6.40E-02
24.788,7.64E-02
24.822,9.05E-02
24.857,0.101
24.89,0.109
24.923,0.115
24.957,0.119
24.99,0.124
25.023,0.124
25.057,0.121
25.09,0.117
25.123,0.111
25.157,0.103
25.19,9.27E-02
25.223,8.05E-02
25.257,6.81E-02
25.29,5.37E-02
25.323,3.92E-02
25.357,2.30E-02
25.39,6.46E-03
25.423,-9.98E-03
25.457,-2.60E-02
25.49,-4.06E-02
25.523,-5.48E-02
25.557,-6.72E-02
25.59,-7.77E-02
25.623,-8.74E-02
25.657,-9.38E-02
25.69,-9.80E-02
25.723,-0.1
25.757,-0.1
25.79,-9.80E-02
25.823,-9.38E-02
25.857,-8.58E-02
25.89,-7.75E-02
25.923,-6.72E-02
25.957,-5.49E-02
25.99,-4.05E-02
26.023,-2.61E-02
26.057,-9.78E-03
26.09,6.68E-03
26.123,2.30E-02
26.157,3.75E-02
26.19,5.38E-02
26.223,6.80E-02
26.257,8.04E-02
26.29,9.27E-02
26.323,0.103
26.357,0.111
26.39,0.118
26.423,0.122
26.457,0.123
26.49,0.123
26.523,0.121
26.557,0.117
26.59,0.111
26.623,0.103
26.657,9.06E-02
26.69,8.02E-02
26.723,6.62E-02
26.758,5.19E-02
26.792,3.74E-02
26.825,2.13E-02
26.858,6.48E-03
26.892,-9.66E-03
26.925,-2.42E-02
26.958,-3.86E-02
26.992,-5.09E-02
27.025,-6.31E-02
27.058,-7.33E-02
27.092,-8.16E-02
27.125,-8.77E-02
27.158,-9.18E-02
27.192,-9.38E-02
27.225,-9.38E-02
27.258,-9.16E-02
27.292,-8.69E-02
27.325,-7.95E-02
27.358,-7.13E-02
27.392,-6.10E-02
27.425,-4.87E-02
27.458,-3.45E-02
27.492,-2.01E-02
27.525,-5.64E-03
27.558,1.06E-02
27.592,2.69E-02
27.625,4.15E-02
27.658,5.57E-02
27.692,7.01E-02
27.725,8.26E-02
27.758,9.30E-02
27.792,0.103
27.825,0.111
27.858,0.117
27.892,0.121
27.925,0.123
27.958,0.123
27.992,0.119
28.025,0.115
28.058,0.109
28.092,0.101
28.125,9.06E-02
28.158,7.84E-02
28.192,6.60E-02
28.225,5.17E-02
28.258,3.73E-02
28.292,2.27E-02
28.325,6.89E-03
28.358,-7.74E-03
28.392,-2.21E-02
28.425,-3.62E-02
28.458,-4.87E-02
28.492,-5.91E-02
28.525,-6.91E-02
28.558,-7.74E-02
28.592,-8.18E-02
28.627,-8.58E-02
28.66,-8.76E-02
28.693,-8.76E-02
28.727,-8.38E-02
28.76,-7.95E-02
28.793,-7.33E-02
28.827,-6.33E-02
28.86,-5.29E-02
28.893,-4.25E-02
28.927,-2.84E-02
28.96,-1.41E-02
28.993,4.37E-04
29.027,1.49E-02
29.06,3.10E-02
29.093,4.56E-02
29.127,5.99E-02
29.16,7.23E-02
29.193,8.45E-02
29.227,9.48E-02
29.26,0.105
29.293,0.111
29.327,0.117
29.36,0.12
29.393,0.121
29.427,0.121
29.46,0.118
29.493,0.113
29.527,0.107
29.56,9.87E-02
29.593,8.85E-02
29.627,7.65E-02
29.66,6.41E-02
29.693,5.15E-02
29.727,3.73E-02
29.76,2.30E-02
29.793,8.61E-03
29.827,-5.63E-03
29.86,-1.99E-02
29.893,-3.24E-02
29.927,-4.44E-02
29.96,-5.47E-02
29.993,-6.32E-02
30.027,-6.96E-02
30.06,-7.54E-02
30.093,-7.78E-02
30.127,-7.94E-02
30.16,-7.78E-02
30.193,-7.54E-02
30.227,-7.05E-02
30.26,-6.33E-02
30.293,-5.50E-02
30.327,-4.47E-02
30.36,-3.34E-02
30.393,-2.03E-02
30.427,-6.68E-03
30.46,7.43E-03
30.493,2.18E-02
30.528,3.62E-02
30.562,5.00E-02
30.595,6.33E-02
30.628,7.54E-02
30.662,8.72E-02
30.695,9.69E-02